| Kinetic Temperature | Solenoidal Fraction |    Magnetic Field | Mach Number | kMin | kMax |     Seed | Virial Parameter |    Plasma Beta | Index | Sound Speed |     Crossing Time | PL Index | Box Size |           Density |
|                10.0 |          0.52083335 | 2.01136565635e-06 |   12.083333 |    1 |    2 | 16497249 |    1.06935960218 |  4.17670007407 |     0 | 18808.99808 | 1.35768224599e+14 |      2.0 |      256 | 1.90039625898e-21 |
|                10.0 |          0.35416665 | 1.23953399846e-06 |    6.666667 |    2 |    4 |  2946555 |    1.59906557781 |  2.23872113857 |     1 | 18808.99808 | 2.46079887993e+14 |      2.0 |      256 | 3.86852762639e-22 |
|                10.0 |          0.66666665 | 3.07308008344e-06 |   10.833333 |    4 |    8 |   345911 |    2.39116076287 | 0.643181123546 |     2 | 18808.99808 | 1.51433789457e+14 |      2.0 |      256 | 6.83140230663e-22 |
|                10.0 |              0.4375 |   9.178427124e-07 |    9.166667 |    4 |    8 | 13330426 |    1.39835914707 |  8.82740982924 |     3 | 18808.99808 | 1.78967193708e+14 |      2.0 |      256 | 8.36370361086e-22 |
|                10.0 |               0.375 | 1.43279568141e-06 |   14.166667 |    4 |    8 |   253360 |     2.5570103106 |  4.73151258961 |     4 | 18808.99808 | 1.15802303297e+14 |      2.0 |      256 | 1.09243937159e-21 |
|                10.0 |          0.29166665 | 3.75174442444e-06 |       13.75 |    2 |    4 |  3624579 |    1.22284454499 |  1.35935625524 |     5 | 18808.99808 |  1.1931146681e+14 |      2.0 |      256 | 2.15193226736e-21 |
|                10.0 |          0.33333335 | 4.44195411852e-06 |        12.5 |    3 |    6 |  4969489 |    1.95540861891 | 0.501187233627 |     6 | 18808.99808 | 1.31242613491e+14 |      2.0 |      256 | 1.11218479341e-21 |
|                10.0 |              0.6875 | 1.00134092962e-06 |        6.25 |    3 |    6 |  4169381 |    1.30766055617 |   3.6869454324 |     7 | 18808.99808 | 2.62485226983e+14 |      2.0 |      256 |  4.1577604383e-22 |
|                10.0 |          0.47916665 | 1.42864204777e-06 |    8.333333 |    1 |    2 | 16588557 |    2.73436352852 |  1.53992652606 |     8 | 18808.99808 | 1.96863928112e+14 |      2.0 |      256 | 3.53488811596e-22 |
|                10.0 |          0.39583335 | 2.77445856824e-06 |   10.416667 |    3 |    6 |  1026310 |              1.0 |  1.74448287306 |     9 | 18808.99808 |  1.5749113115e+14 |      2.0 |      256 | 1.51026102087e-21 |
|                10.0 |          0.54166665 | 5.26960395089e-07 |    7.083333 |    3 |    6 | 11348267 |     2.2360679775 |           10.0 |    10 | 18808.99808 | 2.31604622943e+14 |      2.0 |      256 | 3.12309193036e-22 |
|                10.0 |                0.25 |  1.4352764485e-06 |        10.0 |    1 |    2 |  1591865 |    2.09103464628 |  2.87298454669 |    11 | 18808.99808 | 1.64053266864e+14 |      2.0 |      256 | 6.65630514647e-22 |
|                10.0 |          0.58333335 |  3.4563530875e-06 |    7.916667 |    2 |    4 |  3613551 |    1.14352977473 | 0.567762507148 |    12 | 18808.99808 | 2.07225170472e+14 |      2.0 |      256 | 7.62836965469e-22 |
|                10.0 |          0.41666665 | 1.14971003868e-06 |    5.833333 |    1 |    2 | 16678732 |    4.37242659568 | 0.728618174513 |    13 | 18808.99808 | 2.81234187838e+14 |      2.0 |      256 | 1.08319204757e-22 |
|                10.0 |          0.72916665 | 1.52200705384e-06 |    9.583333 |    3 |    6 | 11897845 |    4.08882716979 |  1.19995983609 |    14 | 18808.99808 | 1.71186023552e+14 |      2.0 |      256 | 3.12628708489e-22 |
|                10.0 |          0.45833335 |  1.5468508439e-06 |        15.0 |    2 |    4 |  2600133 |    3.57561933246 |  3.25461783498 |    15 | 18808.99808 | 1.09368844576e+14 |      2.0 |      256 | 8.75841850391e-22 |
|                10.0 |                0.75 | 3.69423921743e-06 |   11.666667 |    2 |    4 |  3430789 |    1.49534878122 | 0.825404267626 |    16 | 18808.99808 | 1.40617081866e+14 |      2.0 |      256 | 1.26690938955e-21 |
|                10.0 |          0.64583335 | 5.94596726294e-07 |        8.75 |    2 |    4 |  9448664 |              5.0 |  5.36002370021 |    17 | 18808.99808 | 1.87489447845e+14 |      2.0 |      256 | 2.13128021624e-22 |
|                10.0 |              0.3125 | 7.71698844908e-07 |       11.25 |    1 |    2 | 11364240 |    3.82362225153 |  6.87859912309 |    18 | 18808.99808 | 1.45825126102e+14 |      2.0 |      256 | 4.60706687564e-22 |
|                10.0 |          0.27083335 | 1.49215412781e-06 |         7.5 |    4 |    8 | 12060756 |    3.34370152488 | 0.935046674528 |    19 | 18808.99808 | 2.18737689152e+14 |      2.0 |      256 | 2.34147473177e-22 |
|                10.0 |                 0.5 | 5.71862257554e-07 |    5.416667 |    4 |    8 |  1451548 |    1.82857909998 |  6.07202135105 |    20 | 18808.99808 | 3.02867550958e+14 |      2.0 |      256 | 2.23328924722e-22 |
|                10.0 |          0.60416665 | 6.24622468537e-07 |         5.0 |    3 |    6 |  8752906 |    3.12682610981 |  2.53610196182 |    21 | 18808.99808 | 3.28106533729e+14 |      2.0 |      256 | 1.11283488342e-22 |
|                10.0 |              0.5625 | 1.49483590509e-06 |   12.916667 |    4 |    8 | 13654879 |     4.6756956124 |  1.97621089835 |    22 | 18808.99808 | 1.27008977521e+14 |      2.0 |      256 | 4.96648522363e-22 |
|                10.0 |               0.625 |  3.8119274074e-06 |   14.583333 |    1 |    2 | 11591539 |    1.70997585494 |  1.05925372518 |    23 | 18808.99808 | 1.12493671278e+14 |      2.0 |      256 | 1.73108366857e-21 |
|                10.0 |          0.70833335 | 9.82648454778e-07 |   13.333333 |    1 |    2 |  8545406 |    2.92401789508 |  7.79231876185 |    24 | 18808.99808 | 1.23039953224e+14 |      2.0 |      256 | 8.46236741118e-22 |
