0.375 0.350 0.550 0.225
0.275 0.200 0.650 0.125
0.650 0.475 0.525 0.600
0.500 0.900 0.475 0.725
0.800 0.775 0.275 0.575
0.325 0.650 0.250 0.550
0.725 0.325 0.975 0.525
0.125 0.150 0.150 0.750
0.825 0.625 0.300 0.350
0.300 0.750 0.625 0.075
0.475 0.850 0.200 0.700
0.225 0.300 0.500 0.175
0.775 0.550 0.925 0.400
0.050 0.425 0.175 0.050
0.550 0.400 0.450 0.450
0.950 0.725 0.775 0.950
0.625 0.575 0.025 0.675
0.525 0.875 0.075 0.250
0.425 0.600 0.900 0.275
0.400 0.225 0.750 0.500
0.150 0.250 0.800 0.850
0.750 0.825 0.725 0.625
0.900 1.000 0.825 0.200
0.450 0.000 0.600 0.925
0.200 0.500 0.425 0.650
0.575 0.525 0.575 0.025
1.000 0.050 0.675 0.900
0.675 0.675 0.375 0.875
0.975 0.175 1.000 0.325
0.600 0.450 0.100 0.300
0.350 0.100 0.350 0.425
0.250 0.925 0.700 0.475
0.850 0.125 0.125 0.800
0.000 0.700 0.850 0.975
0.100 0.950 0.050 0.825
0.875 0.075 0.400 0.150
0.175 0.275 0.950 0.100
0.925 0.975 0.325 0.375
0.025 0.025 0.000 1.000
0.075 0.800 0.225 0.000
0.700 0.375 0.875 0.775
