0.22 0.44 0.54 0.58 0.32
0.40 0.30 0.22 0.44 0.66
0.32 0.46 0.38 0.42 0.28
0.50 0.26 0.48 0.32 0.14
0.50 0.54 0.12 0.08 0.18
0.52 0.12 0.46 0.18 0.56
0.18 0.50 0.68 0.40 0.40
0.24 0.72 0.26 0.68 0.52
0.60 0.60 0.20 0.44 0.52
0.18 0.36 0.30 0.00 0.26
0.10 0.54 0.62 0.74 0.62
0.42 0.28 0.28 0.54 0.12
0.30 0.20 0.40 0.28 0.74
0.48 0.40 0.76 0.48 0.50
0.14 0.48 0.30 0.46 0.20
0.54 0.32 0.64 0.12 0.22
0.72 0.42 0.20 0.58 0.18
0.70 0.18 0.46 0.34 0.34
0.28 0.30 0.80 0.16 0.00
0.10 0.00 0.60 0.60 0.58
0.48 0.48 0.36 0.22 0.24
0.40 0.66 0.42 0.28 0.68
0.76 0.74 0.34 0.36 0.36
0.04 0.32 0.42 0.06 0.64
0.66 0.14 0.62 0.62 0.60
0.20 0.02 0.52 0.14 0.40
0.16 0.78 0.04 0.04 0.30
0.62 0.12 0.00 0.38 0.02
0.44 0.38 0.50 0.80 0.36
0.56 0.62 0.02 0.12 0.44
0.78 0.04 0.38 0.70 0.08
0.44 0.68 0.58 0.56 0.16
0.36 0.22 0.18 0.30 0.44
0.70 0.58 0.70 0.04 0.72
0.76 0.44 0.70 0.34 0.04
0.68 0.64 0.06 0.78 0.48
0.00 0.16 0.14 0.74 0.10
0.08 0.72 0.72 0.20 0.38
0.04 0.56 0.32 0.68 0.76
0.26 0.76 0.78 0.66 0.58
0.64 0.06 0.10 0.72 0.70
0.60 0.08 0.74 0.22 0.54
0.36 0.60 0.06 0.56 0.10
0.34 0.06 0.16 0.08 0.02
0.80 0.68 0.56 0.76 0.46
0.14 0.24 0.78 0.50 0.80
0.02 0.10 0.08 0.64 0.78
0.58 0.80 0.52 0.00 0.28
0.06 0.76 0.12 0.24 0.70
0.74 0.36 0.24 0.26 0.78
0.26 0.22 0.66 0.50 0.06
