| Kinetic Temperature | Solenoidal Fraction |    Magnetic Field |   Mach Number | kMin | kMax |     Seed | Virial Parameter |    Plasma Beta | Index | Sound Speed |     Crossing Time | PL Index | Box Size |           Density |
|                10.0 |      0.565217391304 | 2.80503910228e-06 | 18.6956521739 |    2 |    4 | 16601601 |     2.0254710568 | 0.904735724235 |     0 | 18808.99808 | 8.77494218112e+13 |      2.0 |      128 | 8.00623612829e-22 |
|                10.0 |                 1.0 | 6.72621493454e-07 | 12.8260869565 |    2 |    4 | 15231628 |    4.08200815256 |  3.67466194074 |     1 | 18808.99808 | 1.27905936877e+14 |      2.0 |      128 | 1.86976785589e-22 |
|                10.0 |      0.434782608696 | 1.48764376627e-06 | 11.5217391304 |    2 |    4 |  4488596 |    9.09284849025 | 0.272133876838 |     2 | 18808.99808 |  1.4238585426e+14 |      2.0 |      128 | 6.77344047062e-23 |
|                10.0 |      0.695652173913 | 7.67247629959e-07 | 5.65217391304 |    2 |    4 |  2675967 |             15.0 | 0.149249554505 |     3 | 18808.99808 | 2.90248087529e+14 |      2.0 |      128 | 9.88127465028e-24 |
|                10.0 |      0.304347826087 | 6.31156949765e-07 | 8.91304347826 |    2 |    4 |  8150848 |    4.98689689841 |   1.6496480741 |     4 | 18808.99808 | 1.84059762823e+14 |      2.0 |      128 | 7.39085799081e-23 |
|                10.0 |                 0.0 | 8.94654475691e-07 | 15.4347826087 |    2 |    4 |  2372840 |    2.23874331758 |  5.48441657612 |     5 | 18808.99808 | 1.06288032053e+14 |      2.0 |      128 | 4.93707731898e-22 |
|                10.0 |     0.0869565217391 | 2.55895498796e-07 | 10.8695652174 |    2 |    4 | 13211441 |     7.4429214045 |           10.0 |     6 | 18808.99808 | 1.50929005515e+14 |      2.0 |      128 | 7.36468387124e-23 |
|                10.0 |      0.347826086957 | 4.92610302256e-07 | 6.95652173913 |    2 |    4 |  9077266 |     2.7350220013 |  3.00788251804 |     7 | 18808.99808 | 2.35826571117e+14 |      2.0 |      128 | 8.20912117172e-23 |
|                10.0 |      0.608695652174 | 6.68427613463e-06 |          20.0 |    2 |    4 | 11816028 |    3.69313860224 |            0.1 |     8 | 18808.99808 | 8.20266334322e+13 |      2.0 |      128 | 5.02501753533e-22 |
|                10.0 |      0.869565217391 | 1.79126849157e-06 | 7.60869565217 |    2 |    4 | 16422954 |              1.5 |   0.4961947603 |     9 | 18808.99808 | 2.15612865022e+14 |      2.0 |      128 | 1.79061559861e-22 |
|                10.0 |      0.173913043478 | 1.41350453846e-06 | 14.7826086957 |    2 |    4 |   401500 |    11.1085270384 | 0.406158598838 |    10 | 18808.99808 | 1.10977209938e+14 |      2.0 |      128 | 9.12680733515e-23 |
|                10.0 |      0.782608695652 | 1.12747029021e-06 | 16.7391304348 |    2 |    4 | 10889787 |    6.73387688733 |  1.35031403787 |    11 | 18808.99808 | 9.80058477371e+13 |      2.0 |      128 | 1.93051780771e-22 |
|                10.0 |      0.391304347826 | 2.18370479296e-06 | 16.0869565217 |    2 |    4 |   613213 |    3.02300652891 | 0.740568469226 |    12 | 18808.99808 | 1.01979057781e+14 |      2.0 |      128 | 3.97174985282e-22 |
|                10.0 |      0.260869565217 | 6.15059925969e-06 |  19.347826087 |    2 |    4 | 11118711 |     1.8325160235 |   0.2227542952 |    13 | 18808.99808 | 8.47915761321e+13 |      2.0 |      128 | 9.47741212453e-22 |
|                10.0 |       0.95652173913 |  8.6996512009e-07 |  9.5652173913 |    2 |    4 | 15997348 |    8.22662486418 |  0.60618989935 |    14 | 18808.99808 |  1.7151023354e+14 |      2.0 |      128 | 5.15989890635e-23 |
|                10.0 |      0.652173913043 | 5.02637933278e-07 |           5.0 |    2 |    4 | 11476463 |    12.2782009606 | 0.332459793227 |    15 | 18808.99808 | 3.28106533729e+14 |      2.0 |      128 | 9.44666399836e-24 |
|                10.0 |      0.478260869565 | 2.21596062435e-06 | 18.0434782609 |    2 |    4 | 10919444 |    2.47447211115 |  1.10529514113 |    16 | 18808.99808 | 9.09210876598e+13 |      2.0 |      128 | 6.10423374165e-22 |
|                10.0 |      0.826086956522 | 4.49201069528e-06 | 14.1304347826 |    2 |    4 | 16176147 |      3.341314428 |   0.1221677349 |    17 | 18808.99808 | 1.16099235012e+14 |      2.0 |      128 | 2.77247029103e-22 |
|                10.0 |      0.913043478261 |  4.7279401877e-07 | 12.1739130435 |    2 |    4 |  7764504 |    6.09237898257 |  4.48925125822 |    18 | 18808.99808 | 1.34758040639e+14 |      2.0 |      128 | 1.12861723119e-22 |
|                10.0 |      0.739130434783 | 2.59733405688e-07 | 13.4782608696 |    2 |    4 |  7284641 |    13.5710358635 |  8.18546730707 |    19 | 18808.99808 | 1.21716939932e+14 |      2.0 |      128 | 6.21051928377e-23 |
|                10.0 |      0.130434782609 | 9.45885278677e-07 | 6.30434782609 |    2 |    4 | 10510439 |    10.0502812553 | 0.182334800087 |    20 | 18808.99808 | 2.60222423302e+14 |      2.0 |      128 | 1.83474331511e-23 |
|                10.0 |     0.0434782608696 |  1.9323939666e-06 | 17.3913043478 |    2 |    4 | 14603044 |    1.65794271169 |  2.01533768594 |    21 | 18808.99808 |  9.4330628447e+13 |      2.0 |      128 | 8.46385058185e-22 |
|                10.0 |      0.521739130435 |  2.7608966643e-07 | 8.26086956522 |    2 |    4 |  5641060 |    5.51199291111 |  6.70018750351 |    22 | 18808.99808 | 1.98590796731e+14 |      2.0 |      128 | 5.74402176273e-23 |
|                10.0 |      0.217391304348 | 6.22635643244e-07 | 10.2173913043 |    2 |    4 | 12671998 |    4.51182377706 |  2.46209240149 |    23 | 18808.99808 | 1.60562771825e+14 |      2.0 |      128 | 1.07349770684e-22 |
