   1  0.0416667  0.5416667  0.7083333  0.7083333  0.1250000
   2  0.2916667  0.2083333  0.5000000  0.1666667  0.3333333
   3  0.5416667  0.8333333  0.0833333  0.5833333  1.0000000
   4  0.2083333  0.3750000  0.9583333  0.4166667  0.9583333
   5  0.5833333  0.2500000  0.7500000  0.9166667  0.7916667
   6  0.1250000  0.0833333  0.3333333  0.8750000  0.4166667
   7  0.4166667  0.1666667  0.0000000  0.7500000  0.6666667
   8  0.1666667  0.8750000  0.6666667  0.1250000  0.7083333
   9  0.6250000  0.4583333  0.3750000  0.3333333  0.0000000
  10  0.0000000  0.2916667  0.4166667  0.5416667  0.5833333
  11  0.5000000  0.5833333  1.0000000  0.2083333  0.5416667
  12  0.4583333  0.0000000  0.5833333  0.5000000  0.2083333
  13  0.0833333  0.6666667  0.0416667  0.2916667  0.2916667
  14  0.9166667  0.3333333  0.1250000  0.0833333  0.1666667
  15  0.8750000  0.9583333  0.2916667  0.4583333  0.7500000
  16  0.7916667  0.4166667  0.6250000  1.0000000  0.4583333
  17  0.2500000  1.0000000  0.1666667  0.6666667  0.5000000
  18  1.0000000  0.7916667  0.7916667  0.3750000  0.3750000
  19  0.8333333  0.1250000  0.8750000  0.6250000  0.0416667
  20  0.7500000  0.0416667  0.2083333  0.2500000  0.8750000
  21  0.3750000  0.5000000  0.8333333  0.0416667  0.8333333
  22  0.7083333  0.7083333  0.5416667  0.0000000  0.6250000
  23  0.9583333  0.6250000  0.4583333  0.7916667  0.9166667
  24  0.3333333  0.7500000  0.2500000  0.9583333  0.0833333
  25  0.6666667  0.9166667  0.9166667  0.8333333  0.2500000
