    0.092773     0.161133     0.819336     0.711914     0.979492
    0.695801     0.854004     0.190918     0.348145     0.107910
    0.301270     0.857910     0.960449     0.781738     0.580566
    0.908691     0.281738     0.774902     0.635254     0.043457
    0.244629     0.617676     0.767090     0.924316     0.363770
    0.529785     0.223145     0.200684     0.764160     0.828613
    0.384277     0.665527     0.955566     0.562012     0.737793
    0.833496     0.888184     0.100098     0.464355     0.608887
    0.034668     0.409668     0.320801     0.892090     0.860840
    0.683105     0.183105     0.250488     0.978027     0.728027
    0.358887     0.054199     0.418457     0.911621     0.997559
    0.984619     0.644287     0.951904     0.623291     0.783447
    0.144775     0.390381     0.643311     0.564697     0.631104
    0.564697     0.001709     0.153076     0.539307     0.929932
    0.463135     0.525146     0.457764     0.328369     0.781494
    0.795166     0.927490     0.461670     0.183838     0.144775
    0.110596     0.516357     0.406006     0.848877     0.124268
    0.723877     0.590576     0.738037     0.477783     0.792236
    0.253174     0.440186     0.888428     0.362549     0.286377
    0.901611     0.213623     0.943115     0.260986     0.184814
    0.202393     0.709717     0.228271     0.694580     0.790283
    0.547607     0.579346     0.520752     0.674561     0.192139
    0.410889     0.278564     0.118408     0.811279     0.641357
    0.871826     0.942627     0.735596     0.631592     0.071045
    0.026123     0.714111     0.014893     0.403076     0.194092
    0.639404     0.647705     0.846924     0.766357     0.893311
    0.329834     0.424072     0.160400     0.822021     0.493896
    0.943115     0.498291     0.945557     0.443115     0.669678
    0.185303     0.131104     0.593994     0.591553     0.083740
    0.605225     0.258057     0.107666     0.554443     0.355225
    0.491943     0.230713     0.025635     0.769287     0.929443
    0.765747     0.017700     0.706665     0.365356     0.796997
    0.066528     0.529419     0.499634     0.681763     0.160278
    0.714966     0.755981     0.429321     0.689575     0.308716
    0.291138     0.914185     0.775024     0.757935     0.658325
    0.927856     0.324341     0.607056     0.293091     0.373169
    0.219849     0.563599     0.049438     0.590942     0.278442
    0.505005     0.215942     0.983032     0.719849     0.805786
    0.403442     0.692505     0.662720     0.399536     0.907349
    0.823364     0.823364     0.164673     0.487427     0.655396
    0.053833     0.452271     0.059204     0.053833     0.534302
    0.656860     0.500610     0.929810     0.885376     0.412720
    0.367798     0.961548     0.046997     0.299438     0.623657
    0.981079     0.895142     0.839966     0.936157     0.291626
    0.135376     0.635376     0.408325     0.160767     0.410767
    0.584595     0.920532     0.521606     0.813110     0.305298
    0.439087     0.472290     0.258911     0.610962     0.151978
    0.806274     0.276978     0.532349     0.353149     0.472290
    0.107056     0.773071     0.262817     0.661743     0.616821
    0.737915     0.985962     0.963989     0.913696     0.126587
